16 19 21 24
15 18 19 22 24 25
15 18 19 22 24 25
80 81 83 84 87 89
6 7 8 9 10 13
60 61 64 66 67
60 62 64 66 67
70 73 72 74
70 73 72 74
67 68 71 74 77
37 38 39 40 43
37 38 39 40 43
21 24 26 28
22 24 26 28
11 13 15 18 21
86 89 91 94 96 98
86 89 91 94 96 98
45 48 50 52 55 58
15 18 20 23 25
97 96 94 91 89
97 96 94 91 88
74 71 68 67 66
74 71 68 67 66
67 64 61 58 57
63 61 60 57 54 52 51
41 40 37 35 34 33
50 52 51 52
36 33 32 31 30
36 33 32 31 30
66 64 63 62 61 60 57
31 34 32 34
31 34 32 34
61 58 56 53 52 50 47
61 58 56 53 52 50 47
39 36 33 30 29 26 23
38 37 35 32 29 28 26
53 51 50 48
3 5 3 6
9 7 9 6
65 64 63 60
65 64 63 60
11 9 6 5
11 14 15 18
92 94 95 97 99
27 28 29 32 33 35 38
74 75 77 80 81 82
60 58 55 52
37 34 32 31 29 28 26
27 29 31 34 36 38 39
27 29 31 34 36 38 39
28 26 24 22 19 16 15
54 51 48 45
54 51 48 45
79 78 77 75 74 71 70
15 18 20 22
15 18 20 22
17 14 12 11 8 6 5
66 69 68 70
66 69 68 70
53 54 55 56
53 54 55 56
85 87 90 91 94
22 20 18 17 16
71 72 73 76 79
34 31 30 29 28 25 23
32 31 30 29 28 25 23
38 35 33 30
38 35 33 30
48 49 52 55 58 59 62
16 13 11 10 7 5